(2,3)(4,5)(7,8)(9,10)(11,25)(12,21)(13,23)(14,22)(15,24)(16,17)(18,20)(26,32)(27,35)(28,31)(29,33)(30,34)(36,39)(38,40)(42,43)(44,45)(46,60)(47,56)(48,58)(49,57)(50,59)(51,52)(53,55)(61,67)(62,70)(63,66)(64,68)(65,69)(71,74)(73,75)
(1,2)(3,4)(6,7)(8,9)(11,22)(12,23)(13,24)(14,21)(15,25)(16,18)(17,19)(26,31)(27,33)(28,35)(29,34)(30,32)(36,38)(37,39)(41,42)(43,44)(46,57)(47,58)(48,59)(49,56)(50,60)(51,53)(52,54)(61,66)(62,68)(63,70)(64,69)(65,67)(71,73)(72,74)
(1,2,4,5,3)(6,7,9,10,8)(11,15,13,12,14)(16,19,17,18,20)(21,23,24,25,22)(26,30,29,27,28)(31,35,33,34,32)(36,37,39,38,40)(41,42,44,45,43)(46,50,48,47,49)(51,54,52,53,55)(56,58,59,60,57)(61,65,64,62,63)(66,70,68,69,67)(71,72,74,73,75)
(1,3,5,4,2)(6,8,10,9,7)(11,14,12,13,15)(16,20,18,17,19)(21,22,25,24,23)(26,28,27,29,30)(31,32,34,33,35)(36,40,38,39,37)(41,43,45,44,42)(46,49,47,48,50)(51,55,53,52,54)(56,57,60,59,58)(61,63,62,64,65)(66,67,69,68,70)(71,75,73,74,72)
(1,3)(2,5)(6,8)(7,10)(11,24)(12,22)(13,21)(14,25)(15,23)(16,19)(17,20)(26,34)(27,31)(28,32)(29,35)(30,33)(36,37)(39,40)(41,43)(42,45)(46,59)(47,57)(48,56)(49,60)(50,58)(51,54)(52,55)(61,69)(62,66)(63,67)(64,70)(65,68)(71,72)(74,75)
(1,4)(3,5)(6,9)(8,10)(11,21)(12,24)(13,25)(14,23)(15,22)(16,20)(18,19)(26,35)(27,34)(28,33)(29,32)(30,31)(36,40)(37,38)(41,44)(43,45)(46,56)(47,59)(48,60)(49,58)(50,57)(51,55)(53,54)(61,70)(62,69)(63,68)(64,67)(65,66)(71,75)(72,73)
(1,4,3,2,5)(6,9,8,7,10)(11,13,14,15,12)(16,17,20,19,18)(21,24,22,23,25)(26,29,28,30,27)(31,33,32,35,34)(36,39,40,37,38)(41,44,43,42,45)(46,48,49,50,47)(51,52,55,54,53)(56,59,57,58,60)(61,64,63,65,62)(66,68,67,70,69)(71,74,75,72,73)
(1,5,2,3,4)(6,10,7,8,9)(11,12,15,14,13)(16,18,19,20,17)(21,25,23,22,24)(26,27,30,28,29)(31,34,35,32,33)(36,38,37,40,39)(41,45,42,43,44)(46,47,50,49,48)(51,53,54,55,52)(56,60,58,57,59)(61,62,65,63,64)(66,69,70,67,68)(71,73,72,75,74)
(1,5)(2,4)(6,10)(7,9)(11,23)(12,25)(13,22)(14,24)(15,21)(17,18)(19,20)(26,33)(27,32)(28,34)(29,31)(30,35)(37,40)(38,39)(41,45)(42,44)(46,58)(47,60)(48,57)(49,59)(50,56)(52,53)(54,55)(61,68)(62,67)(63,69)(64,66)(65,70)(72,75)(73,74)
